1
2 4
2 4
2 3
2 4
2 4
2 4
2 3
2 3
2 4
3 4
2
3 6
4 7
4 6
4 6
4 7
4 6
4 6
4 7
5 7
4 6
3
6 9
5 10
6 10
6 9
5 9
6 8
6 10
6 11
6 9
5 8
4
7 10
7 11
8 11
7 13
7 11
8 11
7 12
8 13
8 12
7 11
5
10 16
9 14
8 14
8 13
9 16
9 16
9 14
10 14
10 17
11 19
6
11 17
11 19
10 15
10 17
10 18
11 17
10 17
11 16
13 21
11 20
7
13 19
12 18
12 22
12 20
12 20
11 18
12 21
16 24
13 18
14 20
8
13 23
100 100
100 100
17 24
15 22
15 20
100 100
16 22
14 21
14 22
9
17 25
100 100
100 100
100 25
18 26
100 100
17 23
15 24
16 25
14 24
10
100 100
19 27
18 26
19 25
100 100
100 100
100 100
18 26
17 24
18 26
11
100 100
19 27
100 100
100 100
18 27
100 100
100 100
20 29
100 100
18 28
12
100 100
100 100
100 100
100 100
22 28
100 100
100 100
100 100
20 30
100 100
13
100 100
100 100
100 100
100 100
100 100
100 100
100 100
100 100
100 100
100 100
14
100 100
100 100
100 100
100 100
100 100
100 100
100 100
100 100
100 100
100 100
15
100 100
100 100
100 100
100 100
100 100
100 100
100 100
100 100
100 100
100 100
16
100 100
100 100
100 100
100 100
100 100
100 100
100 100
100 100
100 100
100 100
17
100 100
100 100
100 100
100 100
100 100
100 100
100 100
100 100
100 100
100 100
18
100 100
100 100
100 100
100 100
100 100
100 100
100 100
100 100
100 100
100 100
19
100 100
100 100
100 100
100 100
100 100
100 100
100 100
100 100
100 100
100 100
20
100 100
100 100
100 100
100 100
100 100
100 100
100 100
100 100
100 100
100 100
