50000
37 100
30 100
32 100
34 100
38 100
31 100
30 100
100 100
100 100
38 100
80000
24 100
26 100
24 100
24 100
23 100
23 100
25 100
25 100
26 100
23 100
100000
21 100
20 100
20 100
22 100
21 100
22 100
20 100
21 100
22 100
21 100
200000
14 21
13 16
13 21
14 17
12 15
14 18
13 16
13 18
13 18
14 19
500000
9 15
10 17
10 13
9 15
11 15
10 16
10 15
10 17
11 17
10 17
800000
11 17
10 16
9 17
11 20
10 17
9 14
9 17
8 13
10 18
8 13
1000000
10 14
11 18
8 14
10 18
10 14
9 15
9 14
9 13
10 17
9 15
2000000
9 13
10 16
10 16
10 17
10 14
10 16
9 16
9 15
10 17
8 14
5000000
10 16
9 14
8 14
8 13
9 16
9 16
9 14
10 14
10 17
11 19
