30000
21 29
22 26
23 29
100 100
20 28
100 100
16 23
21 33
20 26
16 25
35000
19 26
100 100
16 22
19 28
100 100
18 27
19 26
19 27
100 100
19 29
40000
15 22
16 26
19 23
16 24
13 20
16 25
15 24
14 23
13 22
14 23
45000
13 21
13 22
14 24
13 18
13 21
14 23
15 24
13 21
15 24
16 21
50000
15 21
13 18
14 22
13 20
13 20
12 20
14 23
13 23
11 18
17 23
55000
13 17
13 21
12 17
12 17
11 16
12 17
13 21
12 20
13 22
11 20
60000
11 18
12 19
11 17
14 20
12 19
12 16
12 16
11 17
11 17
11 18
65000
10 16
11 21
10 17
13 18
10 16
11 18
11 19
12 21
10 17
11 20
70000
11 16
13 20
12 16
13 19
10 15
100 100
11 15
11 17
12 17
9 17
75000
12 18
11 16
11 17
12 20
13 22
10 17
11 18
10 15
12 16
10 13
80000
10 19
10 16
13 20
10 16
11 14
10 15
10 16
10 14
11 17
10 18
85000
9 15
11 17
11 20
11 19
10 15
11 18
10 15
9 16
9 16
10 16
90000
10 17
9 15
10 15
10 16
9 18
9 17
10 16
9 12
10 14
8 12
95000
10 19
10 18
9 12
9 13
11 17
9 13
9 13
9 14
9 13
9 14
100000
10 16
9 14
8 14
8 13
9 16
9 16
9 14
10 14
10 17
11 19
