40
5 9
3 5
9 17
4 7
4 7
4 6
4 7
10 17
5 11
4 6
60
6 10
5 8
7 11
7 10
6 10
6 10
7 12
4 7
7 9
8 12
80
7 12
8 13
8 13
6 12
8 12
8 14
9 13
9 14
8 12
7 12
100
10 16
9 14
8 14
8 13
9 16
9 16
9 14
10 14
10 17
11 19
120
13 19
10 16
11 19
11 17
11 16
11 17
10 16
12 20
11 19
13 17
140
13 21
12 18
12 21
12 19
13 19
13 21
13 22
13 20
13 22
14 21
160
14 23
14 19
14 22
14 24
16 25
17 27
13 23
12 19
15 26
16 24
180
18 24
15 23
18 25
15 25
16 26
14 24
17 29
17 28
16 26
17 24
200
18 28
19 30
18 28
18 25
18 26
17 27
19 27
18 30
19 29
19 28
