30000
21 29
22 26
23 29
100 100
20 28
100 100
16 23
21 33
20 26
16 25
40000
15 22
16 26
19 23
16 24
13 20
16 25
15 24
14 23
13 22
14 23
50000
15 21
13 18
14 22
13 20
13 20
12 20
14 23
13 23
11 18
17 23
60000
11 18
12 19
11 17
14 20
12 19
12 16
12 16
11 17
11 17
11 18
70000
11 16
13 20
12 16
13 19
10 15
100 100
11 15
11 17
12 17
9 17
80000
10 19
10 16
13 20
10 16
11 14
10 15
10 16
10 14
11 17
10 18
90000
10 17
9 15
10 15
10 16
9 18
9 17
10 16
9 12
10 14
8 12
100000
10 16
9 14
8 14
8 13
9 16
9 16
9 14
10 14
10 17
11 19
