30
3 6
3 6
3 6
3 4
3 6
4 7
3 5
4 6
4 5
3 5
40
5 9
3 5
9 17
4 7
4 7
4 6
4 7
10 17
5 11
4 6
50
6 9
11 19
5 8
6 10
6 14
4 6
6 10
6 9
4 8
5 12
60
6 10
5 8
7 11
7 10
6 10
6 10
7 12
4 7
7 9
8 12
70
6 11
5 9
8 15
8 15
7 12
6 12
6 10
7 12
10 14
7 10
80
7 12
8 13
8 13
6 12
8 12
8 14
9 13
9 14
8 12
7 12
90
8 10
9 15
8 14
10 18
9 13
9 15
8 14
9 15
9 13
10 14
100
10 16
9 14
8 14
8 13
9 16
9 16
9 14
10 14
10 17
11 19
110
10 15
10 15
11 18
10 17
10 16
9 16
11 14
10 16
9 15
9 14
120
13 19
10 16
11 19
11 17
11 16
11 17
10 16
12 20
11 19
13 17
130
12 19
12 17
12 19
13 18
11 17
12 18
12 21
13 19
12 20
11 19
140
13 21
12 18
12 21
12 19
13 19
13 21
13 22
13 20
13 22
14 21
150
12 22
12 21
15 23
13 20
13 21
14 21
14 21
14 20
14 22
14 22
160
14 23
14 19
14 22
14 24
16 25
17 27
13 23
12 19
15 26
16 24
170
15 21
14 22
14 25
16 25
15 21
14 23
14 24
15 21
15 22
14 22
180
18 24
15 23
18 25
15 25
16 26
14 24
17 29
17 28
16 26
17 24
190
17 27
17 29
18 28
16 27
17 28
17 25
17 27
15 24
18 27
17 27
200
18 28
19 30
18 28
18 25
18 26
17 27
19 27
18 30
19 29
19 28
