30
5 7
5 8
6 9
5 9
6 10
8 11
7 9
5 9
8 11
7 11
40
8 12
6 10
7 12
40 40
9 11
40 40
40 40
8 11
7 10
8 12
50
11 15
10 15
10 17
50 50
10 19
9 13
10 14
11 18
8 12
50 50
60
60 60
12 21
18 25
13 18
60 60
12 19
8 12
60 60
12 18
13 19
70
70 70
70 70
14 23
13 17
12 21
70 70
14 23
13 20
12 20
13 20
80
80 80
14 23
15 22
80 80
16 25
15 24
80 80
16 25
80 80
80 80
90
15 25
20 27
90 90
16 25
19 27
16 26
20 28
17 25
17 27
18 24
100
100 100
19 27
18 26
19 25
100 100
100 100
100 100
18 26
17 24
18 26
110
17 27
20 29
21 28
110 110
19 28
110 110
19 29
21 27
19 28
110 110
120
21 31
26 33
20 32
24 33
120 35
22 34
24 36
20 29
21 33
23 30
130
26 33
130 130
22 33
22 34
130 130
26 34
29 36
130 130
130 130
23 32
140
140 140
23 36
23 36
24 36
26 37
140 140
26 38
29 34
28 37
24 35
150
27 37
25 39
150 150
28 40
150 150
28 39
28 39
28 39
150 150
28 38
160
30 43
160 160
26 39
29 39
160 160
28 41
27 34
29 42
160 160
29 45
170
170 170
170 170
170 170
29 43
27 38
29 41
30 41
170 170
28 43
170 170
180
180 180
180 180
30 44
180 180
180 180
33 46
31 46
180 180
180 180
180 180
190
190 190
190 190
190 190
34 48
33 43
190 51
32 45
190 190
32 48
190 190
200
200 200
200 200
51 52
35 49
37 50
200 200
36 56
200 200
34 49
36 51
