1
1 1 1
1 1 1
1 1 1
1 1 1
1 1 1
1 1 1
1 1 1
1 1 1
1 1 1
1 1 1
1 1 1
1 1 1
1 1 1
1 1 1
1 1 1
1 1 1
1 1 1
1 1 1
1 1 1
1 1 1
2
1 1 1
1 1 1
1 1 1
1 1 1
1 1 1
1 1 1
1 1 1
1 1 1
1 1 1
1 1 1
1 1 1
1 1 1
1 1 1
1 1 1
1 1 1
1 1 1
1 1 1
1 1 1
1 1 1
1 1 1
3
1 1 1
1 1 1
1 1 1
1 1 2
1 1 1
1 1 1
1 1 2
1 1 1
1 1 2
1 1 1
1 1 1
1 1 1
1 1 1
1 1 2
1 1 1
1 1 1
1 1 1
1 1 1
1 1 1
1 1 1
4
1 1 1
2 2 2
2 2 2
1 1 1
1 1 1
1 1 2
2 2 2
1 1 1
2 2 3
1 1 1
1 1 1
1 1 1
1 1 2
2 2 2
1 1 2
1 1 2
2 2 2
2 2 2
2 2 3
1 1 2
5
2 2 2
2 2 2
2 2 3
2 2 2
1 1 2
2 2 2
2 2 2
1 1 2
2 2 3
2 2 3
1 1 2
2 2 2
2 2 2
1 1 2
2 2 2
2 2 4
2 2 3
3 3 3
2 2 2
2 2 3
6
2 2 2
2 2 3
2 2 2
3 3 3
3 3 3
3 3 3
2 2 3
2 2 3
2 2 2
2 2 3
2 2 2
2 2 2
2 2 2
2 2 3
3 3 3
2 2 3
3 3 4
2 2 3
3 3 6
2 2 2
7
3 3 4
2 2 3
2 2 3
3 3 4
3 3 3
3 3 4
3 3 3
2 2 3
3 3 4
2 2 3
3 3 4
2 2 2
3 3 4
3 3 3
3 3 4
2 2 3
2 2 3
2 2 3
3 3 4
2 2 2
8
2 3 3
3 3 3
2 2 3
3 3 4
3 3 4
3 3 4
2 2 3
3 3 4
3 3 4
3 3 4
4 4 5
3 3 3
3 3 3
3 3 4
3 3 3
2 2 2
3 3 4
4 4 5
4 4 4
2 2 2
9
4 4 4
2 3 3
3 3 4
3 3 5
3 3 4
5 5 7
4 4 5
3 3 4
5 5 6
3 4 5
5 5 6
3 3 4
3 3 4
3 3 5
3 3 5
3 3 4
2 2 2
4 4 5
9 9 9
3 3 3
10
3 3 3
3 4 5
3 4 4
4 4 6
3 3 5
4 4 5
3 4 4
4 4 5
3 3 6
4 5 6
2 2 3
10 10 10
4 4 5
3 3 5
3 3 4
4 4 6
4 5 6
2 2 3
3 3 4
10 10 10
11
4 5 5
4 4 5
3 3 6
3 3 4
4 4 6
4 4 5
4 4 5
3 4 6
4 4 6
5 5 6
11 11 11
4 4 6
11 11 11
3 4 5
3 3 5
5 5 7
3 4 4
3 3 5
2 2 3
11 11 11
