3000 30000 5000 5010 100 1000000
100
-19 5 100
-39 29 10
-15 8 140
24 27 30
-27 27 20
-46 14 20
-44 50 10
-13 -33 20
-49 13 10
28 -11 20
-12 -9 190
-8 43 10
-47 8 10
11 -23 100
38 25 10
-17 -46 10
-36 -48 10
35 27 10
0 -44 10
27 -36 10
29 -37 10
23 -34 80
-46 -34 10
-28 46 10
9 -27 60
-31 13 130
-19 -41 10
-34 21 40
49 -43 10
33 -4 50
19 -11 10
1 -22 10
9 50 10
-28 -17 30
36 27 10
-14 -15 30
22 17 40
48 7 10
-20 -27 20
18 13 10
-50 16 10
-44 16 10
-18 -14 10
-6 -1 10
47 -5 10
14 24 10
1 -49 10
0 35 20
-12 12 10
-48 18 10
-38 6 10
-38 49 10
-3 -33 40
15 -44 20
33 -31 20
30 37 10
-37 23 10
14 -39 10
19 -3 120
39 -8 10
6 -42 10
38 -26 10
37 10 10
-14 38 10
-7 5 10
0 29 60
-43 -40 10
-50 -17 10
29 40 10
0 -48 10
-50 -25 10
26 -38 20
39 -48 10
-34 -29 60
16 -48 10
36 -48 10
-45 -13 20
-32 27 20
-1 -23 10
5 -18 230
-39 32 30
-38 10 20
-38 -40 10
16 1 190
38 -45 10
-50 -6 10
-20 -22 10
26 -17 30
-5 40 10
-23 -19 70
13 18 80
18 -35 10
-24 -16 10
-11 32 10
39 2 10
-45 0 20
20 12 50
-28 7 60
22 -42 10
34 -50 10
